 -------------------------------------------------------------------- 0
|                                                                    |0
|                                                                    |0
|                                                     ---------      |0
|                                                    |#########|     |0
|                                                     #########|     |0
|                                                    |#########|     |0
|                                                    |#########|     |0
|                                                    |#########|     |0
|                                                     ---------      |1
|                                                                    |0
|                                                                    |0
|                                                                    |0
|                                                                    |0
|                                                -----               |0
|                                               |     |              |0
|                                               |     |              |0
|                                               |     |              |0
|                                               |     |              |0
|                                               |     |              |2
|                                                -   -               |0
|                                                                    |0
|                                                                    |0
|                                                                    |0
|                                                                    |0
|                                                                    |0
|                                                                    |0
|                                                                    |0
|                                                                    |0
|                                                                    |3
|                                                                    |0
|                                                                    |0
|                                                                    |0
|                                                                    |0
|                                                                    |0
|                                                                    |0
|                                                                    |0
|                                                                    |0
|                                                                    |0
 -------------------------------------------------------------------- 4
0000000001000000000200000000030000000004000000000500000000060000000007
1234567890123456789012345678901234567890123456789012345678901234567890